Run semi-empirical minimization
 &qmmm
    qm_theory='AM1', grms_tol=0.0005,
 scfconv=1.d-10, ndiis_attempts=700,   qmcharge=0,
 /
   6   C14        7.3260       -0.9890      -19.1220 
   6   C11        6.4940       -4.3390      -12.7230 
   6   C13        7.0890       -0.9630      -17.7590 
   6   C01        6.9630       -2.6210      -22.1160 
   6   C02        8.1950       -2.2200      -21.2530 
   6   C03        7.8920       -2.1620      -19.7320 
   6   C04        8.2020       -3.2650      -18.9310 
   6   C05        7.9610       -3.2370      -17.5520 
   6   C06        7.3940       -2.1010      -16.9550 
   6   C08        7.1630       -3.2720      -14.8970 
   6   C09        6.3330       -3.1030      -13.5770 
   6   C15        6.8790        0.3400      -19.5990 
   6   C16        6.4180        1.0510      -18.4820 
   9   F10        5.0110       -2.9770      -13.8780 
   8   O07        7.1370       -2.0410      -15.5730 
   8   O12        6.8250       -3.9010      -11.4310 
   8   O17        6.5570        0.2590      -17.3990 
   1  H111        7.2960       -4.9700      -13.1250 
   1  H112        5.5550       -4.9050      -12.7020 
   1  H013        7.2900       -3.2790      -22.9400 
   1  H012        6.4960       -1.7130      -22.5350 
   1  H011        6.2310       -3.1550      -21.4870 
   1  H021        8.5530       -1.2040      -21.5870 
   1  H022        9.0160       -2.9730      -21.4270 
   1  H041        8.6360       -4.1580      -19.3860 
   1  H051        8.2120       -4.0870      -16.9520 
   1  H082        8.2060       -3.5440      -14.6530 
   1  H081        6.7100       -4.0570      -15.5290 
   1  H091        6.6900       -2.2240      -13.0490 
   1  H151        6.9030        0.6950      -20.6150 
   1  H161        6.0140        2.0760      -18.4880 
   1  H121        7.6360       -3.4350      -11.4300 

